Parameters: [115.51959561  28.05002687   5.4204224    7.86831512], Accuracy: 0.7794304157964687
Parameters: [162.32799784   7.49461007   4.22882463   1.67671735], Accuracy: 0.7750711980254414
Parameters: [103.98908094  24.15569317   8.87765739   8.32555011], Accuracy: 0.7742206189481677
Parameters: [268.55200683  13.71861907   6.02050992   1.88847601], Accuracy: 0.787275488893108
Parameters: [230.82076172  25.98737396   6.28926481   9.1572309 ], Accuracy: 0.7742054300360736
Parameters: [142.71536079  25.98737396   6.28926481   9.1572309 ], Accuracy: 0.7768255173723183
Parameters: [142.71536079  10.20900062   6.28926481   9.1572309 ], Accuracy: 0.7724662996012911
Parameters: [142.71536079  10.20900062   7.43968217   9.1572309 ], Accuracy: 0.7724662996012911
Parameters: [142.71536079  10.20900062   7.43968217   2.83216448], Accuracy: 0.7846629960129106
Parameters: [268.55200683  13.71861907   6.02050992   1.88847601], Accuracy: 0.787275488893108
Parameters: [268.55200684  13.71861907   6.02050992   1.88847601], Accuracy: 0.787275488893108
Parameters: [268.55200683  13.71861908   6.02050992   1.88847601], Accuracy: 0.787275488893108
Parameters: [268.55200683  13.71861907   6.02050993   1.88847601], Accuracy: 0.787275488893108
Parameters: [268.55200683  13.71861907   6.02050992   1.88847602], Accuracy: 0.787275488893108
Parameters: [156.08297809  23.57661792   7.91033362   2.30281593], Accuracy: 0.7855401556863489
Parameters: [50.11246362 17.60610345  3.46592192  7.85840423], Accuracy: 0.7750674007974179
Parameters: [277.12918174  25.36606346   6.22588193   4.13489589], Accuracy: 0.7837782418834252
Parameters: [241.89612654  15.13300827   3.27392181   6.9018407 ], Accuracy: 0.7785494588950066
Parameters: [112.91553852  15.13300827   3.27392181   6.9018407 ], Accuracy: 0.776817922916271
Parameters: [112.91553852  11.92674462   3.27392181   6.9018407 ], Accuracy: 0.7759597493829504
Parameters: [112.91553852  11.92674462   5.45201582   6.9018407 ], Accuracy: 0.7759597493829504
Parameters: [112.91553852  11.92674462   5.45201582   8.40864319], Accuracy: 0.7724890829694323
Parameters: [196.65814249   9.81882749   3.19461979   5.13638857], Accuracy: 0.7820580975887601
Parameters: [241.39693434   7.09998468   6.66362339   8.41754577], Accuracy: 0.7689690525916082
Parameters: [216.58011138  11.38352522   8.94716394   4.70108631], Accuracy: 0.7802999810138599
Parameters: [218.10195218  12.90536602   6.46900474   3.22292711], Accuracy: 0.7881450541104994
Parameters: [101.01237236  12.90536602   6.46900474   3.22292711], Accuracy: 0.7907537497626732
Parameters: [101.01237236  17.50931      6.46900474   3.22292711], Accuracy: 0.7924928801974558
Parameters: [101.01237236  17.50931      8.87403099   3.22292711], Accuracy: 0.7794152268843745
Parameters: [101.01237236  17.50931      8.87403099   2.27918537], Accuracy: 0.7855211695462312
Parameters: [101.01237236  17.50931      6.46900474   3.22292711], Accuracy: 0.7924928801974558
Parameters: [101.01237237  17.50931      6.46900474   3.22292711], Accuracy: 0.7924928801974558
Parameters: [101.01237236  17.50931001   6.46900474   3.22292711], Accuracy: 0.7924928801974558
Parameters: [101.01237236  17.50931      6.46900475   3.22292711], Accuracy: 0.7924928801974558
Parameters: [101.01237236  17.50931      6.46900474   3.22292712], Accuracy: 0.7924928801974558
Parameters: [229.4486486   15.74072696   5.31030723   1.51060234], Accuracy: 0.7872640972090375
Parameters: [220.94338819   9.78395576   5.35353604   2.55383114], Accuracy: 0.7907651414467438
Parameters: [156.83784439  20.67841196   6.17543086   1.38699745], Accuracy: 0.7916347066641352
Parameters: [192.05444957  26.98715268   9.6104756    5.69573817], Accuracy: 0.784659198784887
Parameters: [180.02609223  26.98715268   9.6104756    5.69573817], Accuracy: 0.7837896335674956
Parameters: [180.02609223  15.43329296   9.6104756    5.69573817], Accuracy: 0.7837896335674956
Parameters: [180.02609223  15.43329296   9.44129483   5.69573817], Accuracy: 0.7837896335674956
Parameters: [180.02609223  15.43329296   9.44129483   7.18442805], Accuracy: 0.7794304157964687
Parameters: [65.32887552 28.8319266   8.86545205  2.60858527], Accuracy: 0.7846440098727928
Parameters: [253.20306174   8.82125994   2.73963827   7.48277149], Accuracy: 0.7715929371558763
Parameters: [115.04886427  26.79157777   8.84143544   6.61598516], Accuracy: 0.7776950825897095
Parameters: [100.36713361  12.29138285   7.34124052   6.11579024], Accuracy: 0.779434213024492
Parameters: [76.83075668 12.29138285  7.34124052  6.11579024], Accuracy: 0.7733358648186823
Parameters: [76.83075668  6.57011507  7.34124052  6.11579024], Accuracy: 0.7681032846022404
Parameters: [76.83075668  6.57011507  7.48960233  6.11579024], Accuracy: 0.7681032846022404
Parameters: [76.83075668  6.57011507  7.48960233  2.64153947], Accuracy: 0.7759597493829504
Parameters: [229.58751927  25.07826566   9.59000528   3.69499886], Accuracy: 0.7811619517752042
Parameters: [297.56035389  15.17117313   8.41391466   9.34432954], Accuracy: 0.7707195747104614
Parameters: [81.49639405 27.85646143  2.0702648   9.79351544], Accuracy: 0.7768141256882476
Parameters: [277.09639673  27.34192562   8.41497506   4.94584536], Accuracy: 0.7837782418834252
Parameters: [133.53199331  27.34192562   8.41497506   4.94584536], Accuracy: 0.7802809948737421
Parameters: [133.53199331  18.93962798   8.41497506   4.94584536], Accuracy: 0.7802809948737421
Parameters: [133.53199331  18.93962798   7.44648198   4.94584536], Accuracy: 0.7802809948737421
Parameters: [133.53199331  18.93962798   7.44648198   6.34520401], Accuracy: 0.7777026770457567
Parameters: [259.40565822  15.29991425   2.89575383   8.09971301], Accuracy: 0.7724700968293147
Parameters: [59.06223993  6.73155181  4.55749418  7.6755627 ], Accuracy: 0.7742092272640972
Parameters: [265.73464931   9.58529291   7.10834212   7.94909666], Accuracy: 0.7768179229162712
Parameters: [210.10796489  23.14492855   3.14476052   1.03632015], Accuracy: 0.7846516043288398
Parameters: [267.57205487  23.14492855   3.14476052   1.03632015], Accuracy: 0.7872754888931079
Parameters: [267.57205487  13.87500533   3.14476052   1.03632015], Accuracy: 0.7890146193278906
Parameters: [267.57205487  13.87500533   5.10369822   1.03632015], Accuracy: 0.787267894437061
Parameters: [267.57205487  13.87500533   5.10369822   8.74077946], Accuracy: 0.7715967343838999
Parameters: [86.95008177  8.25303222  4.88511231  2.74842966], Accuracy: 0.7838048224795899
Parameters: [297.84583618  21.9049058    2.65970287   5.53312538], Accuracy: 0.7855325612303019
Parameters: [204.21216155  28.29107724   5.02602825   5.89945076], Accuracy: 0.7820391114486425
Parameters: [118.86379053  11.93058709   7.6655381    6.1860056 ], Accuracy: 0.7733434592747296
Parameters: [179.77078846  11.93058709   7.6655381    6.1860056 ], Accuracy: 0.7794380102525157
Parameters: [179.77078846  25.02923948   7.6655381    6.1860056 ], Accuracy: 0.7768103284602241
Parameters: [179.77078846  25.02923948   3.17991749   6.1860056 ], Accuracy: 0.7768103284602241
Parameters: [179.77078846  25.02923948   3.17991749   4.2365447 ], Accuracy: 0.7828934877539397
Parameters: [102.43391888  11.98978827   8.76462149   7.07357125], Accuracy: 0.7837934307955192
Parameters: [86.0097919  20.5656613   5.42690541  7.64944427], Accuracy: 0.7794380102525157
Parameters: [116.6344373   29.74119424   5.70368286   1.26392501], Accuracy: 0.783770647427378
Parameters: [251.52713143   7.74589572   8.19891455   9.43275932], Accuracy: 0.7689804442756787
Parameters: [65.50157769  7.74589572  8.19891455  9.43275932], Accuracy: 0.7698462122650466
Parameters: [65.50157769 21.26579419  8.19891455  9.43275932], Accuracy: 0.7742054300360736
Parameters: [65.50157769 21.26579419  6.49420144  9.43275932], Accuracy: 0.7742054300360736
Parameters: [65.50157769 21.26579419  6.49420144  2.48231614], Accuracy: 0.7837858363394722
Parameters: [291.84709864  17.28769082   5.20365654   1.8278371 ], Accuracy: 0.78465160432884
Parameters: [185.50638109  23.42332256   7.25937204   5.79828828], Accuracy: 0.7820467059046896
Parameters: [265.92738245  12.78948082   8.6207377    8.81180683], Accuracy: 0.770723371938485
Parameters: [203.68367411  13.67416824   2.0490953    8.9579763 ], Accuracy: 0.7716043288399468
Parameters: [280.80362882  13.67416824   2.0490953    8.9579763 ], Accuracy: 0.7742168217201443
Parameters: [280.80362882  28.79928264   2.0490953    8.9579763 ], Accuracy: 0.7750901841655591
Parameters: [280.80362882  28.79928264   3.03949514   8.9579763 ], Accuracy: 0.7750901841655591
Parameters: [280.80362882  28.79928264   3.03949514   4.26655052], Accuracy: 0.7829048794380102
Parameters: [273.45301829  19.29478837   8.44508179   3.90507407], Accuracy: 0.7802999810138599
Parameters: [152.88162053  22.78711589   9.56901054   5.74694769], Accuracy: 0.7802961837858364
Parameters: [75.47993376 16.2342708   9.94001571  5.23784941], Accuracy: 0.7855287640022783
Parameters: [99.79853629 28.71252492  7.26650852  7.56434222], Accuracy: 0.7803075754699069
Parameters: [104.96328415  28.71252492   7.26650852   7.56434222], Accuracy: 0.779434213024492
Parameters: [104.96328415  24.495419     7.26650852   7.56434222], Accuracy: 0.779434213024492
Parameters: [104.96328415  24.495419     2.18403967   7.56434222], Accuracy: 0.779434213024492
Parameters: [104.96328415  24.495419     2.18403967   8.43004515], Accuracy: 0.7733510537307765
Parameters: [181.85204445   5.40841021   2.74434566   3.99035115], Accuracy: 0.7663565597114108
Parameters: [254.71165427  18.08467992   4.42061538   2.4354748 ], Accuracy: 0.7890146193278907
Parameters: [241.83475039  23.27262953   7.90319326   6.10505916], Accuracy: 0.7794190241123979
Parameters: [132.36449458  25.12199611   5.01146737   2.09285636], Accuracy: 0.7863983292196697
Parameters: [191.73675685  25.12199611   5.01146737   2.09285636], Accuracy: 0.7846516043288398
Parameters: [191.73675685  16.93864019   5.01146737   2.09285636], Accuracy: 0.782035314220619
Parameters: [191.73675685  16.93864019   7.53963387   2.09285636], Accuracy: 0.7881526485665463
Parameters: [191.73675685  16.93864019   7.53963387   5.0097263 ], Accuracy: 0.784659198784887
Parameters: [159.76819813  16.63302754   5.05743042   3.59951011], Accuracy: 0.7863983292196696
Parameters: [111.85323939  14.97797116   6.32314872   4.46759328], Accuracy: 0.78465160432884
Parameters: [282.84500416  10.74504297   8.803275     8.27301292], Accuracy: 0.7716005316119232
Parameters: [255.96989467  17.78160082   2.01794045   4.63215373], Accuracy: 0.7837706474273781
Parameters: [179.82927604  17.78160082   2.01794045   4.63215373], Accuracy: 0.7828934877539397
Parameters: [179.82927604  29.71079263   2.01794045   4.63215373], Accuracy: 0.7828934877539397
Parameters: [179.82927604  29.71079263   7.28252162   4.63215373], Accuracy: 0.7828934877539397
Parameters: [179.82927604  29.71079263   7.28252162   7.4849181 ], Accuracy: 0.7794304157964687
Parameters: [129.6616402   11.5424769    7.17520876   9.21134065], Accuracy: 0.780322764382001
Parameters: [251.07185427  21.65932871   2.80008341   6.79550901], Accuracy: 0.7785532561230302
Parameters: [111.29830296   5.60735339   3.18302214   8.1063184 ], Accuracy: 0.7585076893867477
Parameters: [58.49908717 11.43116268  7.46078441  8.56551712], Accuracy: 0.7768331118283652
Parameters: [197.94073438  11.43116268   7.46078441   8.56551712], Accuracy: 0.7716043288399468
Parameters: [197.94073438  27.11921786   7.46078441   8.56551712], Accuracy: 0.7716005316119233
Parameters: [197.94073438  27.11921786   9.39455756   8.56551712], Accuracy: 0.7716005316119233
Parameters: [197.94073438  27.11921786   9.39455756   8.3112182 ], Accuracy: 0.7716005316119233
Parameters: [93.91280599 11.9852049   2.54703698  2.25516682], Accuracy: 0.7890146193278906
Parameters: [140.70128721   8.77368612   9.73789828   4.21196193], Accuracy: 0.782923865578128
Parameters: [294.99518727  18.54222235   9.23117062   2.04724786], Accuracy: 0.7846478071008165
Parameters: [174.57119335   9.64705874   2.51451772   4.17626977], Accuracy: 0.7794304157964687
Parameters: [219.68626753   9.64705874   2.51451772   4.17626977], Accuracy: 0.7837820391114486
Parameters: [219.68626753  19.23160905   2.51451772   4.17626977], Accuracy: 0.7863907347636225
Parameters: [219.68626753  19.23160905   8.69304462   4.17626977], Accuracy: 0.7863907347636225
Parameters: [219.68626753  19.23160905   8.69304462   4.65777096], Accuracy: 0.7863907347636225
Parameters: [122.67471571  23.14302345   5.60489897   4.30802516], Accuracy: 0.7872602999810139
Parameters: [128.12994439  13.97005497   5.93119977   2.77171268], Accuracy: 0.7846554015568634
Parameters: [73.30937062 24.68077003  7.68638461  5.66771017], Accuracy: 0.7872754888931082
Parameters: [243.62331417  26.52180627   9.9113308    8.06501129], Accuracy: 0.7689842415037023
Parameters: [137.60760623  26.52180627   9.9113308    8.06501129], Accuracy: 0.7733548509588001
Parameters: [137.60760623  29.4456199    9.9113308    8.06501129], Accuracy: 0.7733548509588001
Parameters: [137.60760623  29.4456199    3.45023225   8.06501129], Accuracy: 0.7733548509588001
Parameters: [137.60760623  29.4456199    3.45023225   3.00153902], Accuracy: 0.7872716916650845
Parameters: [246.04058102  26.5474833    8.4173591    6.25630298], Accuracy: 0.7785532561230302
Parameters: [198.4121043   27.37958208   9.88840136   1.18717962], Accuracy: 0.7864059236757168
Parameters: [153.60746822  11.22973235   9.73855162   8.46793704], Accuracy: 0.7672489082969431
Parameters: [176.50585731  14.15103845   2.65985772   2.99289618], Accuracy: 0.7898841845452819
Parameters: [71.58927261 14.15103845  2.65985772  2.99289618], Accuracy: 0.7898727928612113
Parameters: [71.58927261 12.97355439  2.65985772  2.99289618], Accuracy: 0.7820391114486425
Parameters: [71.58927261 12.97355439  4.07159327  2.99289618], Accuracy: 0.7820391114486425
Parameters: [71.58927261 12.97355439  4.07159327  1.68717081], Accuracy: 0.783778241883425
Parameters: [297.28268269  10.49756595   8.92097813   1.26371839], Accuracy: 0.7846629960129106
Parameters: [144.21572878   5.17822203   7.6547834    5.67194149], Accuracy: 0.7646136320486046
Parameters: [215.21164785  20.31550627   2.29241838   5.81297794], Accuracy: 0.7802999810138599
Parameters: [276.71991305  29.50589889   3.86708433   9.44078307], Accuracy: 0.7707195747104614
Parameters: [160.88655454  29.50589889   3.86708433   9.44078307], Accuracy: 0.775082589709512
Parameters: [160.88655454  20.21677039   3.86708433   9.44078307], Accuracy: 0.775082589709512
Parameters: [160.88655454  20.21677039   8.52617182   9.44078307], Accuracy: 0.775082589709512
Parameters: [160.88655454  20.21677039   8.52617182   9.10366331], Accuracy: 0.775082589709512
Parameters: [174.44573074   5.46100355   8.19036494   2.68645794], Accuracy: 0.7672299221568256
Parameters: [80.05229025 11.06756306  8.78214398  6.6564938 ], Accuracy: 0.7759483576988798
Parameters: [290.43757868  24.2026644    8.66844766   7.0836808 ], Accuracy: 0.7759369660148092
Parameters: [159.88450199  21.19796547   4.11595681   2.8557347 ], Accuracy: 0.7898689956331878
Parameters: [262.38685008  21.19796547   4.11595681   2.8557347 ], Accuracy: 0.7846554015568635
Parameters: [262.38685008  25.96620721   4.11595681   2.8557347 ], Accuracy: 0.7846554015568635
Parameters: [262.38685008  25.96620721   4.37171547   2.8557347 ], Accuracy: 0.7846554015568635
Parameters: [262.38685008  25.96620721   4.37171547   2.36834687], Accuracy: 0.7846554015568635
Parameters: [292.79256009  26.28091203   7.10994278   9.02956878], Accuracy: 0.7715929371558762
Parameters: [215.36459861   9.37337624   4.16473184   9.0755235 ], Accuracy: 0.7663603569394343
Parameters: [257.41871542  12.44598271   2.55477237   2.46556402], Accuracy: 0.7881374596544524
Parameters: [240.35481973   7.6283063    4.48176581   4.66132807], Accuracy: 0.782042908676666
Parameters: [106.23989571   7.6283063    4.48176581   4.66132807], Accuracy: 0.7820467059046896
Parameters: [106.23989571  20.52931663   4.48176581   4.66132807], Accuracy: 0.783770647427378
Parameters: [106.23989571  20.52931663   8.85709894   4.66132807], Accuracy: 0.783770647427378
Parameters: [106.23989571  20.52931663   8.85709894   7.76422048], Accuracy: 0.7776874881336624
Parameters: [262.51246289  15.68684989   2.65075652   1.22877182], Accuracy: 0.7881336624264287
Parameters: [156.05333887   5.35336537   8.47670769   7.44499177], Accuracy: 0.756768558951965
Parameters: [154.21938608  15.40767191   3.75645071   2.38012162], Accuracy: 0.7924890829694322
Parameters: [261.61588508  13.29159826   5.22414666   8.89663695], Accuracy: 0.770723371938485
Parameters: [174.63510175  13.29159826   5.22414666   8.89663695], Accuracy: 0.7698614011771407
Parameters: [174.63510175  17.63288138   5.22414666   8.89663695], Accuracy: 0.7698614011771407
Parameters: [174.63510175  17.63288138   5.20837471   8.89663695], Accuracy: 0.7698614011771407
Parameters: [174.63510175  17.63288138   5.20837471   8.51358716], Accuracy: 0.7698614011771407
Parameters: [285.73819681  15.76967509   2.06719264   6.21087757], Accuracy: 0.7820353142206191
Parameters: [63.56842801 13.34114052  2.94041658  9.04897376], Accuracy: 0.7750787924814884
Parameters: [253.67808599  12.70330839   7.34843461   3.52480014], Accuracy: 0.7837820391114487
Parameters: [90.7476378  29.2396821   5.11572118  1.15865125], Accuracy: 0.7863869375355991
Parameters: [250.13229544  29.2396821    5.11572118   1.15865125], Accuracy: 0.783770647427378
Parameters: [250.13229544  18.14249917   5.11572118   1.15865125], Accuracy: 0.7837668501993545
Parameters: [250.13229544  18.14249917   9.24512471   1.15865125], Accuracy: 0.7837858363394722
Parameters: [250.13229544  18.14249917   9.24512471   3.89487634], Accuracy: 0.7767989367761534
Parameters: [106.64755938  26.6501455    5.26178991   2.60411126], Accuracy: 0.782035314220619
Parameters: [201.70524229  18.77772196   8.83425495   1.48317285], Accuracy: 0.787267894437061
Parameters: [258.21875294  11.8079188    7.31509691   6.24083397], Accuracy: 0.778545661666983
Parameters: [65.28594599 25.46603547  4.64940466  5.83769825], Accuracy: 0.7890222137839378
Parameters: [290.88898151  25.46603547   4.64940466   5.83769825], Accuracy: 0.7837858363394722
Parameters: [290.88898151  22.29097651   4.64940466   5.83769825], Accuracy: 0.7837858363394722
Parameters: [290.88898151  22.29097651   2.33865006   5.83769825], Accuracy: 0.7837858363394722
Parameters: [290.88898151  22.29097651   2.33865006   1.85117522], Accuracy: 0.7881374596544523
Parameters: [87.11937062 27.61081061  4.04676996  1.78336241], Accuracy: 0.7898765900892349
Parameters: [122.76438605   6.56252904   5.38657831   7.21795642], Accuracy: 0.7750787924814884
Parameters: [262.55921447  25.50238905   2.90153527   7.65774803], Accuracy: 0.7759445604708562
Parameters: [58.92727196 29.58190527  3.14404933  9.26364538], Accuracy: 0.7742130244921208
Parameters: [290.29433709  29.58190527   3.14404933   9.26364538], Accuracy: 0.7715929371558762
Parameters: [290.29433709   7.55299593   3.14404933   9.26364538], Accuracy: 0.7681032846022404
Parameters: [290.29433709   7.55299593   2.56976433   9.26364538], Accuracy: 0.7681032846022404
Parameters: [290.29433709   7.55299593   2.56976433   7.06783241], Accuracy: 0.7733282703626353
Parameters: [224.59778544   7.91781092   6.37727645   3.18205779], Accuracy: 0.7785646478071009
Parameters: [242.5127212   19.64137964   8.0112108    8.848515  ], Accuracy: 0.7681108790582875
Parameters: [227.25273145  13.13086483   8.75122105   2.85256169], Accuracy: 0.7794266185684451
Parameters: [177.80004733  17.60322863   8.297208     5.42708089], Accuracy: 0.7846629960129107
Parameters: [214.41948443  17.60322863   8.297208     5.42708089], Accuracy: 0.78029998101386
Parameters: [214.41948443  12.05951619   8.297208     5.42708089], Accuracy: 0.7846629960129106
Parameters: [214.41948443  12.05951619   3.14572768   5.42708089], Accuracy: 0.7846629960129106
Parameters: [214.41948443  12.05951619   3.14572768   3.40405379], Accuracy: 0.7872716916650846
Parameters: [129.50265033  28.81050446   7.46365572   6.53196783], Accuracy: 0.7794418074805393
Parameters: [244.52506698  12.22858439   7.5421815    5.17295408], Accuracy: 0.7855325612303019
Parameters: [153.25040049  22.88183954   5.52449762   4.75952811], Accuracy: 0.7846402126447694
Parameters: [106.61648512  10.32625998   2.87426435   2.21220281], Accuracy: 0.7881526485665464
Parameters: [55.0779716  10.32625998  2.87426435  2.21220281], Accuracy: 0.7890260110119612
Parameters: [55.0779716  28.64249259  2.87426435  2.21220281], Accuracy: 0.7829010822099867
Parameters: [55.0779716  28.64249259  4.37318233  2.21220281], Accuracy: 0.7829010822099867
Parameters: [55.0779716  28.64249259  4.37318233  7.62840535], Accuracy: 0.7768103284602239
Parameters: [158.60857577  16.82455452   3.44491863   9.70014165], Accuracy: 0.7742092272640971
Parameters: [88.86965916 16.70815926  9.85393278  5.23968287], Accuracy: 0.7846516043288398
Parameters: [97.05544363 13.28650862  4.10419375  7.66865819], Accuracy: 0.7803075754699069
Parameters: [199.77587083  16.33293143   8.44844947   2.5941101 ], Accuracy: 0.7846554015568635
Parameters: [114.30213336  16.33293143   8.44844947   2.5941101 ], Accuracy: 0.7872640972090375
Parameters: [114.30213336  14.08515285   8.44844947   2.5941101 ], Accuracy: 0.7881298651984052
Parameters: [114.30213336  14.08515285   2.07297883   2.5941101 ], Accuracy: 0.7890070248718436
Parameters: [114.30213336  14.08515285   2.07297883   5.75563588], Accuracy: 0.7794266185684451
Parameters: [247.38459033   6.3308376    6.57321253   6.19841316], Accuracy: 0.7707195747104614
Parameters: [160.24861496  16.94360001   3.53843804   6.69324036], Accuracy: 0.7785608505790772
Parameters: [266.54740487  26.03282353   4.19047578   3.53725585], Accuracy: 0.7846516043288398
Parameters: [193.69251468  27.6181615    9.47298943   8.95707172], Accuracy: 0.7681108790582875
Parameters: [61.88064758 27.6181615   9.47298943  8.95707172], Accuracy: 0.7733510537307765
Parameters: [61.88064758 27.31183582  9.47298943  8.95707172], Accuracy: 0.7733510537307765
Parameters: [61.88064758 27.31183582  4.11258731  8.95707172], Accuracy: 0.7733510537307765
Parameters: [61.88064758 27.31183582  4.11258731  7.97122844], Accuracy: 0.7829200683501044
Parameters: [161.24355053  25.10618711   4.4244754    2.47562267], Accuracy: 0.7924814885133852
Parameters: [281.61278063  10.93929013   7.57237734   3.82328644], Accuracy: 0.7829086766660338
Parameters: [90.52918164  7.24294825  8.9140129   7.52685362], Accuracy: 0.7759521549269033
Parameters: [276.75194393  16.23450127   8.54811029   2.76837801], Accuracy: 0.7820391114486425
Parameters: [195.87740307  16.23450127   8.54811029   2.76837801], Accuracy: 0.7863945319916461
Parameters: [195.87740307  23.20728788   8.54811029   2.76837801], Accuracy: 0.787267894437061
